Dromaius_novaehollandiae	1	37.5	31.5	31
Struthio_camelus	1	60	25.44	14.56
Coturnix_japonica	0	6.2	0	93.8
Meleagris_gallopavo	0	95	5	0
Gallus_gallus	0	67	21	12
Phasianus_colchicus	0	72.3	14.1	13.6
Numida_meleagris	0	76	0	24
Branta_canadensis	1	18	0	82
Anser_anser	1	17	0	83
Aythya_fuligula	1	12	88	0
Anas_platyrhynchos	1	27	0	73
Alopochen_aegyptiacus	1	15.6	84.4	0
Aix_sponsa	1	51	0	49
Cairina_moschata	1	25	4	71
Bubo_scandiacus	1	0	86	14
Sturnus_vulgaris	1	0	19	81
Zonotrichia_albicollis	1	0	31	69
Molothrus_ater	1	0	22	78
Agelaius_phoeniceus	1	11	12	77
Taeniopygia_guttata	1	0	100	0
Corvus_brachyrhynchos	1	0	25	75
Columba_livia	1	24	0	76
Spheniscus_demersus	1	0	90	10
Calypte_anna	1	0	100	0
